1331194466,
5129845334,
1700911231,
1465532156,
1331194466,
1859062585,
1494563982,
865118623,
873254072,
915749139,
5086995078,
961808167,
1252131232,
5058175912,
1351442627,
5162543365,
1764677488,
1208412336,
1034046693,
2124454776,
716499240,
1181642257,
1337871973,
5097434459,
1509702699,
5230799451,
291085633,
1149746972,
5138125603,
1880693628,
1345703047,
5299773179,
5236649953,
2117938739,
1390747977,
2023020748,
914385949,
1645257986,
1129778918,
2134161927,
1449868144,
1336612895,
5227891109,
1541039001,
1752182737,
1968921739,
5031939320,
5261680869,
1693266559,
1635448062,
1845872170,
2044582581,
1019150855,
875151167,
748543234,
711372134,
1358068813,
5202071640,
830629061,
1829418281,
5044188567,
1444026854,
5125168377,
662366366,
5026393121,
1660719883,
5052773081,
5199959233,
1941766247,
1879142102,
5208754364,
650274804,
1303777631,
1016017216,
1376602697,
5059526489,
5285360981,
5284928647,
1473104114,
1492165702,
1268415178,
893593472,
1859344021,
1016530269,
1331174308,
5159557849,
1168480181,
1639090759,
1315017466,
900251667,
1669383426,
5040395315,
5281256711,
5036164827,
1129686235,
1890365679,
832378757,
5291336669,
1152583014,
1498305756,
5230953781,
5018476075,
5094880011,
2121442141,
362330523,
1102138512,
1656997874,
2017980884,
1655037592,
602958225,
1789951036,
714459865,
1370117606,
1627187428,
1045054237,
1539133209,
1240018156,
1400744290,
517343972,
752665242,
1033960024,
5097730929,
2125267042,
768667946,
1884618274,
857987447,
2003605761,
916621213,
1053538679,
1877528149,
2077371753,
1172476948,
1249398793,
1795079696,
1950713296,
1988648879,
719600099,
843852395,
1948584663,
1972250787,
5086867682,
5235739087,
5187286148,
1883751591,
306221351,
1346362018,
5054786915,
2026704051,
955155237,
1440016811,
1400028083,
1645528347,
2099759368,
1023204588,
734142802,
1424048178,
1116920399,
1606246357,
5099871747,
5232102873,
1300630514,
1969193917,
1075323522,
1523716718,
1941444413,
1493753400,
5204585043,
5295615950,
5056551792,
1942187648,
714737532,
2085839080,
988884149,
1329362314,
1498788973,
1387805899,
1097725958,
1887754715,
1524895096,
1995297748,
1669941733,
1221043857,
744824101,
1909581680,
911866923,
911612968,
1602724345,
918801466,
1936375546,
1997422980,
808575192,
5236553925,
1282045246,
1563945817,
1388184564,
2027485885,
1275220614,
2123267769,
5004278390,
5023022966,
1006498694,
1369467591,
2127977977,
1201874682,
5094601728,
855434768,
1907603493,
1051875539,
5029158326,
5031870374,
1305065143,
1361979579,
5244066987,
1988563312,
1511075685,
904650912,
2119591229,
1981872708,
902010527,
1243900232,
5147860464,
1308607713,
1477390200,
1856446908,
894422344,
1298506825,
1180510580,
1304650682,
1108476915,
1922518191,
1621917068,
1265655112,
1346353970,
5202594681,
1300266383,
1491639148,
1766914844,
1213856873,
700928491,
737609797,
1982624856,
1489214391,
1278080073,
1424003070,
5274380912,
1670282029,
1783121732,
1161504494,
947488247,
869914332,
1031379248,
751444471,
2141087247,
511624907,
1727583119,
1977582406,
2117631707,
846629486,
1274726458,
1994314485,
1814311243,
2071634392,
451232480,
1809038250,
997704563,
710566635,
1975030794,
5248901404,
1593581112,
1157974041,
958051349,
1281672432,
5001307657,
1288386537,
1782878629,
974160615,
2015690234,
692684295,
2036586416,
1914337772,
1045897486,
1103681282,
1251898801,
969204851,
1664361272,
1602688872,
385358872,
445998567,
1275645597,
1182415561,
852735790,
1936931528,
5005853675,
5025689034,
1552825696,
1321268072,
5109063100,
1487062883,
780750732,
1513194853,
1115299301,
1132184067,
1284989078,
1525339081,
5277944714,
1679867699,
819765659,
1121275800,
1680403693,
819237642,
1706091205,
858652925,
830417613,
1914301331,
1817651445,
5062431905,
1365877097,
1246539804,
5230955400,
1019767723,
5057967685,
1129953231,
5281297189,
1355801030,
1436089371,
892872775,
5272387228,
5110715132,
5062404820,
1622796069,
874919515,
1915437620,
1855332686,
1773649572,
1719903419,
1123278594,
1291287413,
1490057192,
1067469575,
828881107,
1835436882,
1973843808,
1939982158,
1327141824,
1514471675,
1262034906,
873342407,
1260325362,
5281225436,
851041211,
5016914886,
957945745,
1114902326,
873238706,
1717697735,
1331377590,
1478881439,
5043793057,
907403003,
1208454812,
1908427659,
1275217402,
766196633,
1245788876,
1149657386,
841316570,
1959675034,
480037721,
5081825359,
1743236946,
1197341231,
957338578,
1054626623,
1732433699,
990861254,
1296332698,
1487540688,
1645238697,
1868328779,
565372170,
1542775490,
515215042,
1359868305,
1772557528,
1714044131,
1546423836,
1351588671,
1049117431,
1280824315,
1895287859,
1904321578,
837809900,
912020813,
5088123860,
477993552,
1256706575,
819317489,
1369073432,
5079267234,
5058313828,
777938471,
735457213,
1257688079,
612989570,
1586630706,
1131706996,
1622959684,
1364685932,
263123391,
870485487,
942383041,
796580202,
1612840709,
1226101315,
1031744635,
1416625558,
939126321,
1038183959,
1254165401,
1022195312,
1494393985,
878223097,
1217768275,
1335401683,
1323364779,
1677701666,
1015408574,
1226962146,
1555854374,
5091368482,
1930290265,
1734175918,
1926232898,
947657253,
1818473297,
1502966881,
1590395126,
671482248,
1995107445,
391144067,
1277964085,
1129178207,
1524076958,
1478462048,
1527803149,
997293157,
1932849252,
1284724154,
639818804,
1173629876,
860420964,
1959723408,
2119894046,
1927231540,
1747850804,
2137483189,
1358452884,
1107336415,
2108892223,
1941835609,
1546030476,
5056606739,
1334305382,
1865057215,
825097040,
1084210298,
5019611367,
737467123,
1201976295,
1552508954,
1839723294,
690023712,
1996485130,
2123272123,
1877895846,
5053316889,
706421299,
641585258,
1487238518,
1557582968,
5090103522,
1659318659,
981743062,
1291142872,
1845062263,
1475885697,
923211936,
1955767764,
1426784506,
1299174136,
1796696640,
1667994701,
1563585880,
1568939726,
1255555994,
1396252708,
1974351014,
1142107244,
1738009814,
1360735541,
1416060593,
1871774099,
659368838,
1792378856,
1722770288,
1693350875,
1931971207,
1757522065,
597385644,
1608256446,
1279628085,
1092564401,
690762184,
1350638636,
1443973516,
714961489,
1015776457,
1510705205,
1189909237,
1478151406,
1029720924,
1468038221,
1806038413,
1714032509,
1266776111,
776917301,
1227961090,
2137858361,
1707238295,
1612884008,
1041488704,
875326509,
1897771066,
1845541616,
1763428652,
2110232997,
2112591965,
2134768400,
1930800708,
965034254,
2109245721,
1716572091,
1993406333,
1221130526,
1794340670,
1842231618,
1192138155,
1521373451,
2110284923,
1469726079,
907647497,
1080195610,
2006327604,
1429193854,
1388833482,
1335837326,
1184610969,
1790128760,
1609100721,
1613575997,
1289549129,
1535034575,
713402968,
1580756227,
925901482,
1555156219,
1570752864,
1776186287,
785409781,
1320045088,
1362278007,
1959126403,
1089844495,
997053268,
768175244,
1175904177,
1395848419,
1992283952,
1028066370,
1568964521,
301637919,
471230196,
525896868,
535941054,
540336092,
551150560,
567556259,
569826393,
590304847,
630338910,
646739153,
652616250,
662675203,
666699399,
676575822,
678370662,
683862553,
692186169,
708315231,
711361212,
716485936,
721030727,
723543355,
729129841,
731914506,
751110780,
752525804,
756687243,
762602909,
774207581,
777454102,
785064896,
905579482,
1978893198,
1221157954,
1748881734,
1236385794,
785749396,
1120659240,
1318386547,
1127793272,
1206776677,
1444191858,
959548042,
1949897749,
1623513352,
1936257320,
1205934880,
1915390604,
1214395620,
746986248,
1910224669,
1484376174,
428688058,
1584995063,
2092959038,
1275008092,
1143382892,
891539835,
2053198947,
769937964,
961511805,
1402866328,
1154924010,
1206661023,
1637305616,
1309436412,
446800219,
1183568281,
1265272802,
1878870124,
1765482221,
1934198448,
1937419634,
1818528891,
1937725011,
924258603,
1960063159,
1865033507,
1019927924,
635448055,
1046502562,
1865301060,
1698528625,
1294730411,
951451917,
1669514949,
1695737018,
1753243211,
1946864635,
2040498384,
747790631,
1022099145,
1264704923,
1683602054,
1221471871,
711341938,
1122293323,
1615118757,
837902048,
1753633132,
1774716479,
1156369068,
642561779,
1149673486,
754865821,
1261456370,
942884333,
1380653870,
998632450,
813328537,
1614478102,
1038363455,
1056088651,
765549486,
1776278585,
543032958,
1060103776,
1129846397,
1681085134,
1774648673,
2075467155,
854022759,
1021427304,
1186937681,
1930447391,
2085923677,
1749181607,
1837378383,
1226653240,
1368756355,
1643902694,
1601569111,
628005071,
1446084409,
1678857452,
1929456532,
831441027,
1498001092,
1402524698,
1475352526,
1076139985,
1811477031,
1757417541,
1849415250,
1126973745,
1114653460,
931364789,
1468499655,
1944547094,
1836951056,
1972487756,
1327210213,
1740411476,
813695454,
1594278142,
1968714257,
1262352315,
1623358327,
1762241749,
962115885,
1328385180,
1138542481,
1259726496,
1702804782,
1387420168,
1111806209,
1416729856,
1322576936,
1742721827,
1099207226,
2068237208,
1207873860,
1799706328,
1184027251,
1407378233,
1878637003,
1754607096,
1929484767,
1417984296,
1160818194,
1637376801,
1251553764,
1680935645,
1946097719,
1860555913,
1786802734,
1250187995,
1596888224,
1660796439,
1430211175,
1172609040,
1450864345,
1099446005,
623663850,
1452677253,
1943434779,
2021766871,
903583895,
1080201454,
1948350360,
1339693289,
1050226045,
2030141086,
1949890157,
1248199005,
1960778459,
993680260,
1829701619,
1794868909,
1063553619,
967455692,
1947262356,
1964411629,
1904609978,
1759703452,
1502147588,
1514801204,
2049038340,
1736630675,
1673997280,
2010901848,
1202680715,
1342492853,
1921976005,
1831664016,
1765299367,
1465282596,
1852530680,
848247971,
1660133408,
1136033619,
2007991680,
2011246168,
1617451090,
1785664254,
1446040997,
2003410194,
1718538426,
1905385387,
1864900632,
2021621858,
1731907913,
1426330267,
1351570813,
1717487017,
765177640,
1667800610,
1706533233,
1625242557,
2014707602,
1131694390,
1417241799,
1672181197,
1976091956,
980453506,
1414299547,
794373783,
1053658382,
435367359,
1863310241,
1823643798,
2025782144,
1097162871,
1769606387,
1139247972,
1845464558,
1065668321,
1307850050,
973753007,
1019225335,
1051693622,
2012525228,
1335855182,
753619125,
814296636,
738086699,
1549202454,
1429482757,
1155688316,
1148814851,
739934418,
1214781806,
990837240,
1061754062,
877610154,
778348536,
1200620280,
509512674,
1921646958,
877141470,
1872757784,
1153070821,
1856365152,
1612220205,
1874448786,
1338072940,
1152808061,
1872782733,
1959060918,
1693323686,
2020776283,
2044939606,
1862869554,
709353838,
1954209984,
658160137,
753585090,
2032715002,
2024131512,
1077479025,
1343843020,
777068860,
930045573,
1971947219,
2047492974,
1276795156,
1342855526,
1546732296,
2027957915,
1364074116,
1214545163,
1544623322,
1593541819,
1612848344,
1619404141,
1625192883,
1626751004,
1629943570,
1636491546,
1678092542,
1681761703,
1685067047,
1826611094,
1570372431,
1013096403,
978241478,
1706936515,
1975918579,
1628149786,
820269237,
1988903865,
1100994898,
1220687758,
960756309,
1661810477,
1262334866,
2037213736,
1688372770,
1836636557,
1914012806,
1527596143,
1310730014,
1777503186,
2026505703,
1092660369,
2023926423,
1175618070,
996541878,
1650298715,
1795563508,
2042944527,
1916450327,
1918104948,
1045919020,
2048513666,
1966358588,
1956305537,
2032592022,
432066714,
1043580632,
1663448002,
1217810916,
1469672733,
1788149362,
1911165880,
2014886460,
1959448576,
1352703699,
1816221595,
1545319997,
1192171240,
1750017559,
1869605936,
2010589711,
1810265305,
1079306893,
937731331,
1924550268,
1573088388,
1284536877,
1664687448,
1205938987,
1966221544,
1228309910,
1266110430,
1042990176,
1945871270,
1963258230,
1590599505,
1945025048,
1660456438,
1825483781,
1838539964,
1444412390,
1720240192,
1965925241,
1151029013,
1943399421,
1742297539,
1476693005,
1977683627,
1773998892,
1937281395,
1064255320,
1884986779,
1836620590,
930586950,
1238242484,
1989097958,
1833509102,
778286102,
1950223201,
1120971131,
1120971131,
852718589,
1254877825,
1324150426,
1537855871,
1985226216,
1339589401,
1680455182,
1950291662,
1269935653,
1512330881,
1921775303,
1113252501,
1370955073,
1493724711,
1658867655,
970587484,
826157701,
1979448968,
1905938309,
1619762928,
1432917720,
1985795590,
1324572345,
1951466314,
1736203272,
1903663265,
1864606074,
1354261501,
1618554903,
1230387346,
1340924611,
1991344656,
1995795505,
1083522087,
1098642318,
1789486480,
1638769326,
1856868948,
1911710973,
1948531987,
1926680640,
1953757239,
1127008074,
1919090538,
904885816,
1192498124,
1616843996,
968397177,
1686305943,
1752015050,
1094251066,
1730694535,
1607792524,
1874820813,
1975155450,
1287171633,
1985149226,
1947970585,
1928500844,
1963004238,
1993186210,
1952885056,
1854507958,
1926120533,
1628040426,
1611006189,
1966607675,
1910957067,
1104593447,
669183588,
1034295381,
781031645,
1991936762,
1997099293,
1933582145,
1821000298,
870641564,
1702844491,
844759552,
1978841993,
1234328483,
1738656517,
1813457541,
1982468371,
1202032090,
389710929,
1636883179,
1745140827,
1960617828,
1201797515,
1290090051,
1982592006,
1748958661,
1614945674,
1708356337,
1625162884,
1637696407,
1381765753,
1029889584,
1817906459,
1442280971,
539865603,
1881410580,
919673218,
1736334792,
1935931746,
1904283910,
1136838734,
828531305,
1966754362,
1975773458,
1316570583,
1999912041,
1996089560,
1888198173,
923341989,
1793180842,
1804520839,
1020766153,
1990459106,
1552763608,
1778987410,
1783427133,
919043100,
1983851918,
1274988439,
1111008286,
1157943495,
1464483812,
1968671562,
1944712064,
1998115935,
1740093609,
1354167061,
1134485008,
1748051072,
988536303,
1823933468,
1036989261,
1707655360,
1970160911,
1996027810,
1823527501,
457393153,
1910406189,
1535582576,
1234083829,
1102507921,
1071222028,
879797711,
857835785,
1104727198,
1767866206,
1338035156,
1925025369,
1907657841,
1375577761,
1930183971,
1264812693,
1225647259,
1678291657,
1185316282,
1321176335,
1583595369,
1976959119,
1266195533,
1980409947,
1973021352,
1745701558,
1773059301,
1051417098,
1747272372,
1488782492,
1135425259,
1950921082,
1993841942,
1832945185,
1100751558,
1249351331,
1924555368,
1689794703,
1968030815,
1553885136,
449893319,
1956621295,
870794813,
1968521685,
1242611844,
1583357710,
1075248675,
851044921,
1910267891,
1972275841,
1826818029,
656367648,
1766863843,
1937540217,
1903670947,
1941039016,
1944386914,
1963422365,
859741483,
1797559609,
1927099986,
673195262,
1439844899,
1969534479,
1014910746,
1985428116,
1938111272,
1343483909,
492944067,
1938440360,
1956443170,
1982384464,
1381187127,
1363606974,
901226840,
1910818369,
1100652430,
973285661,
600900489,
1917070813,
1793693418,
1694771979,
1553228430,
1835212630,
1926980473,
1176425824,
1947653351,
1903284288,
1814050858,
1929101863,
1983849082,
1918336917,
1956275367,
1983766653,
881713242,
1308316464,
1716069306,
1634531661,
1930601111,
1934962130,
1925523616,
1907737229,
1504995493,
1699628320,
1644307021,
1204113840,
1836069152,
1515294710,
1938129472,
1836617148,
1972341018,
1972200046,
756269118,
1175503353,
1767978944,
342934124,
1819133536,
1399080944,
1351887701,
1502132918,
1965254521,
1101098742,
1960408921,
1852993511,
1495895480,
1880319814,
840675577,
1519495517,
1820608201,
1954885799,
1217809825,
1977734823,
1959009818,
1638550938,
1026252620,
1787567152,
1779070528,
1971901117,
910494832,
1988088136,
1638952306,
1105628880,
1058888263,
1977829611,
1855596586,
1764252154,
1679936281,
1339144605,
1164432845,
1957138384,
1959893878,
1716126363,
1546709663,
762968493,
948604194,
1798849013,
683712668,
1683782372,
1223749092,
1964381620,
1205100583,
972620711,
1740020239,
1967158145,
1634638563,
969257689,
1964618479,
1937295230,
1922591283,
969858737,
1795163352,
1980273418,
881957416,
1419292124,
1105956587,
494021748,
1888643980,
1965060887,
1741386830,
1623790109,
1965006642,
1297192035,
1778239826,
1028084742,
1950598409,
1236311329,
888915554,
1827497204,
1504872642,
1938139358,
1484261059,
1810851727,
1634157570,
1427703491,
1756461470,
1189555643,
1912567815,
1871157707,
1892570628,
1082126270,
1126484089,
1078843131,
1056487324,
1994563285,
678750717,
1811148602,
1447740178,
1330012634,
1100767621,
1923853476,
1910982169,
1062238881,
1096674288,
842311462,
1443098035,
1608294969,
1538707940,
1000015735,
1916738515,
845150579,
1315780570,
1738652997,
1046060424,
1723626395,
1894244413,
1118074962,
842269501,
920431247,
1717420280,
1399319855,
1881736965,
1655182366,
1807798138,
974517963,
1803855085,
1907905368,
911981887,
1901403383,
1941142615,
513308391,
1082924773,
1382137854,
1173398887,
1947816242,
1574747397,
1754265866,
1769404692,
1890031273,
1610949658,
1807989614,
1925463945,
1504976897,
1875662295,
1708308760,
1910766794,
1672234002,
1902242050,
1777039512,
1349218413,
1085725815,
1722264578,
1927610358,
1904173885,
1935602354,
1933116564,
1394436084,
1902627293,
823966868,
1346125602,
1853623050,
1682485817,
1438790698,
1353409451,
689540111,
1930956450,
1778227324,
1162348335,
1476405486,
1720799178,
1903089859,
1272917576,
1356849728,
1764230766,
1946239686,
1282464832,
1782497019,
886318862,
1293209368,
1913515814,
1765644808,
1631966515,
1880463937,
1145153563,
316438215,
1902106592,
1630260634,
1342100282,
1928003180,
1083739655,
1879660064,
1113772506,
947143421,
1390385358,
1859710164,
1436398063,
1074079812,
1910445855,
1918268175,
836922429,
1936092018,
1033971411,
1392693867,
728919567,
1935076731,
1049071856,
1870688731,
1403601644,
1252602644,
1609941303,
758634149,
854585150,
775996627,
743817070,
1882976153,
1431163825,
1144563480,
1579275328,
813141526,
1831606066,
938862271,
1736876742,
1771347887,
1099240370,
1760701944,
1051580789,
816460803,
1314642678,
965463072,
1325454938,
1937605821,
1042963926,
1909713761,
1902195734,
1278890427,
1840864993,
1867366266,
1883716267,
1559281392,
1782790025,
846479839,
1158975353,
1873374010,
1798831950,
1852745975,
689936975,
857311795,
1878701179,
1520149711,
1318253821,
1000163379,
1682415389,
1916404250,
1847390514,
1770797074,
1116151486,
1899702090,
1048636116,
1755908151,
1652969838,
990206342,
1770945955,
781902615,
1826598617,
1894628696,
1620029362,
1865603720,
1689047690,
1125354055,
1344730351,
1768306076,
1739466865,
769064523,
1176124656,
1009876630,
1558955483,
1681320910,
1403735171,
1428431552,
1323764983,
874130759,
1643674470,
1893112301,
1297534175,
1050956874,
678248750,
1660617460,
1864931623,
1608367396,
508168572,
1893048479,
1494542760,
931978192,
1443918327,
1822858805,
871428133,
1069968211,
1835500105,
1860749137,
1125976812,
1214915452,
1297224792,
1772158217,
1184127452,
1851148279,
1668846905,
1491019124,
826551846,
1740462991,
1599138002,
1824722747,
1752961813,
1433696266,
1831432972,
901913550,
1801623287,
1791802175,
1516811933,
1062038718,
913475431,
1780554511,
858481587,
1148748206,
1798878582,
169040805,
812427725,
1162776517,
887883873,
1261541664,
1205578765,
1489796835,
1714355299,
1858807344,
1781115430,
1523666637,
1773408111,
1807220251,
901053616,
624188885,
1384592350,
890171229,
1250103079,
1047872481,
1886941363,
1285031372,
1822859632,
1797986293,
1295955852,
1235694985,
1772597890,
1114137208,
1760332396,
974837437,
1080748018,
1893117865,
1070757418,
1284721576,
1294190091,
1289905585,
1804822686,
1402818644,
491857659,
1264591998,
985714814,
1014632617,
999950418,
1278144501,
1747982729,
1053967597,
1245109070,
693711097,
1023942699,
1290750621,
884987108,
1775957333,
1789144242,
1633587759,
1390037076,
1386468736,
1533944926,
1623560423,
1227205735,
687848367,
1829611512,
715070322,
1176225772,
1783335029,
1196353997,
1514426930,
1868097286,
1024039216,
632769407,
1519181256,
1502498251,
667442015,
973679342,
1777522256,
835494751,
1049152753,
1363668194,
1855070589,
1776454858,
1796212133,
1747929389,
1098885354,
730570282,
1837609702,
945642320,
751034120,
1838233189,
1877036159,
1393288998,
701230136,
515111963,
1724657742,
1244383369,
1315298495,
754200341,
1024259645,
214318945,
1855854598,
1061415728,
1308601218,
1895216564,
1767752289,
1841115230,
1504025172,
1773562271,
1002618777,
1631292650,
1778841455,
1188730591,
1687102472,
1202710972,
631367843,
1508151687,
1159984925,
1737872789,
1111586032,
1437166991,
1764252183,
1410653615,
1154749542,
966127184,
1052066975,
1707854668,
762429713,
1408027468,
1012756493,
1449243513,
1709108073,
1537006365,
1548744466,
1868456767,
1656147368,
1874001778,
1826384796,
1851134324,
1545309345,
1425077836,
1609747384,
889859930,
992598288,
1678864673,
625172043,
587106972,
1875500466,
1643074124,
1531598327,
1205142786,
1589185719,
1846800537,
1337004673,
1885789575,
1779030356,
1578953619,
1892295058,
1337820348,
1430260921,
1565579914,
1647865680,
1240237975,
929253867,
1747383804,
903587872,
1180483026,
1617740206,
895189653,
1264766619,
1335815025,
1398231733,
1288219610,
1680188828,
991484110,
1815036346,
1069612010,
1841057238,
850067566,
1569466393,
1407316814,
1813454745,
1178307730,
1145312395,
647983586,
1041155264,
1354599512,
1353693972,
1692103368,
1446747349,
1161682522,
661364834,
1531367434,
1315746654,
1673006089,
1199264934,
1670037285,
1847593225,
1221603539,
1419171689,
1152806269,
1475849546,
1691203642,
1643261120,
954972186,
1762810261,
1782616627,
1773077066,
925486914,
1114496130,
1633463687,
1262731215,
652346258,
698213206,
1588074510,
1848780462,
668910123,
1349862101,
1862797241,
1037969631,
1045221435,
1619150729,
1008417964,
700619121,
1604822335,
1773504975,
1802613083,
1312991789,
1874216485,
1727264576,
1782660386,
1075729559,
1721049529,
1879936217,
739172217,
1001600185,
1172884195,
1880953786,
1670614634,
1350192529,
1302214662,
1425043481,
1036691621,
1377274287,
1212828089,
1246669464,
1228266393,
1041012157,
1827913302,
1877425720,
1608223304,
806989859,
1106749700,
1769707140,
1750888837,
722960532,
1334558420,
1597947967,
1693675991,
1219558367,
1717416700,
1872944921,
1850580534,
1033956440,
1854060799,
1395285013,
1628785760,
1771520172,
1767025766,
865213375,
1442551885,
390685601,
877286106,
1839813033,
1747314794,
823758469,
1533406228,
872863389,
220656038,
1089158723,
1078491733,
1709015315,
1218526043,
1123182025,
1201504054,
1700421366,
1369773295,
1569101737,
1497967297,
1767984826,
417848952,
1727183603,
1727200656,
1658062520,
1141847001,
702487625,
1730409615,
1087775138,
1720076993,
1313888307,
1744331976,
1095488511,
1489613889,
1185936396,
1218660748,
1152351621,
1361846803,
1489423400,
1744688309,
1765992301,
883135934,
1342194155,
1783256405,
1336779198,
799604963,
1749479169,
1760730421,
1201522154,
1128293844,
1711858771,
965793507,
1324323228,
1556947146,
1241922081,
483205326,
1251941933,
1312186765,
275423278,
1476535264,
1468422072,
1766346084,
1272471486,
976370383,
983680593,
1253756723,
1232766044,
1642210966,
1094130618,
1218726165,
1520110123,
1659492825,
1335319010,
1382258871,
1749653761,
1735393192,
1202542986,
1613411650,
1693684327,
1698218324,
777091999,
1434411225,
796900378,
1011320978,
573501581,
1616782495,
1640241209,
1230330503,
1370674921,
1145853414,
1671532734,
1507277245,
1656706990,
1431219834,
1617313450,
1429352908,
1034783051,
1395714355,
1493319177,
1298527909,
1182030055,
864018913,
1695212488,
1645559474,
1516795735,
1552190266,
1715587893,
1628037218,
1165220747,
1741235697,
1309769534,
1619799909,
1361974816,
1290186480,
1680908510,
1206018371,
389755871,
1514279657,
1012153864,
1255554042,
1065099477,
1362253094,
1647555895,
1142906330,
1363226205,
1236904587,
1682203673,
1665548373,
1356730126,
1125264371,
938029322,
584066353,
1295356313,
1382690135,
1163045345,
1661748963,
833894585,
1165982609,
1549631362,
1739750260,
1720357341,
1483407363,
990079446,
902549404,
1661101460,
198101532,
1410870023,
748305147,
1245352816,
1182065786,
1523622649,
899513286,
1084726376,
1286704256,
1106882982,
1359358872,
1494274467,
1069440330,
1630512220,
779496310,
773034563,
1303028618,
1241794621,
1256417572,
1056050624,
853795839,
1603119920,
1082790757,
1636667847,
438190368,
876845139,
1598502734,
1091095576,
1649938618,
1428461087,
1541098392,
1412785928,
1198866483,
1474088347,
1541729354,
1542663732,
1078233035,
1543997907,
1465985129,
811500602,
1720806365,
1179052098,
1142177421,
1119536389,
1605693629,
830204696,
1217184751,
1527579576,
1179369092,
818559182,
1315806779,
1233669063,
1587035168,
1135003563,
1284113056,
1659490758,
1550074312,
1493597939,
1708820062,
1379127169,
944253529,
1311257118,
1397012949,
1150699665,
1465536450,
1465518084,
1191235692,
1393080694,
1413193853,
1563138151,
1191422703,
1527422784,
1516081952,
1292673727,
1404563954,
1624923295,
1270862915,
1257356501,
1160158954,
1333124635,
1695698223,
1656398696,
975743137,
1218445941,
1611521553,
944364309,
1397350819,
1073945117,
898841951,
1608294296,
1091863180,
1633187031,
1217668889,
1038371134,
904823428,
1045105214,
1119527569,
1370417591,
1455676678,
584619648,
424816121,
1614541199,
967083175,
792335049,
1647012870,
1625563433,
1292797371,
1541851132,
1406209439,
1072341993,
1628050627,
1571237846,
1294687904,
1044055541,
1262570762,
1395328870,
1131579958,
1370952093,
1430377670,
968045142,
1624518164,
852743792,
1423347209,
1654688708,
829019987,
1172459141,
531756435,
1555983369,
1088914312,
1552014837,
1102887766,
1245835546,
1600481490,
949641664,
1293450442,
1605516496,
1200587236,
1194923145,
1636211435,
1228025933,
464634623,
1693589684,
1244011895,
1175624303,
1358694340,
1606843353,
1576198822,
754498049,
1210332556,
869949310,
1598504403,
1047681811,
1073739140,
1463869755,
1606961931,
1180234223,
1346073144,
1081796458,
1212683103,
775880346,
1688662743,
1142104305,
1661622972,
1372651851,
720901131,
1007370940,
1389379571,
1508902046,
1647453155,
1583563755,
1135732502,
1646609379,
860488177,
1528718494,
816090363,
1043683416,
1411170289,
1055642928,
1308841430,
1118258345,
1562528451,
1646175581,
1460403114,
1415118363,
1505134815,
960259474,
990487201,
1003638618,
995997938,
1657950682,
736681784,
1642315132,
778329187,
1356803799,
1289941433,
1141974084,
1648799391,
1488939063,
939153090,
1612355488,
1343015283,
887016898,
1405605046,
975743156,
871558192,
1212413511,
1682079834,
1681389807,
1421405962,
1621672488,
952239071,
1311705960,
1329953939,
1412001069,
1086778400,
910047432,
1460430637,
1211413583,
1333988169,
1649774912,
1570928052,
1049128817,
1523024642,
809927543,
644517264,
1115193318,
1049882879,
1630820697,
1365069204,
1413481801,
1608345051,
1068466921,
1668539127,
1244492574,
1589665966,
1681223860,
1672954044,
839954561,
1484708395,
1310006026,
1084840737,
1606914405,
1604531210,
652059092,
846408296,
741555804,
1447278244,
1380463659,
1145447556,
1219390709,
1294389178,
1185109021,
1281443686,
1108929466,
1538837098,
1404543760,
949817420,
1381135794,
1081481010,
1517342303,
1264380513,
606938868,
1226329262,
1376911760,
1196376449,
1169158532,
1570874997,
364479033,
742130535,
1161000064,
911115942,
1308289220,
1010916285,
1564111540,
1222596758,
1168012208,
615830142,
1325173002,
751346232,
889362618,
1236124880,
1378525669,
1222307053,
1565518235,
933164679,
1224871791,
1347540961,
997805365,
1588473439,
1444561654,
1491021594,
1333754749,
452986865,
1545054727,
1598550140,
1130984088,
1335763301,
1293516497,
1083785319,
1387135308,
1245683635,
1514239253,
890467301,
1348107142,
1075366541,
1393480476,
743079089,
927325023,
841786694,
1310122026,
1557940528,
1470385722,
1172683183,
1159125743,
1285706068,
1142603071,
1527959461,
979333559,
1582153883,
1091669860,
1417843269,
1589276074,
1412502601,
829384735,
617378602,
833848474,
1222087920,
1177273812,
1480733399,
1394156231,
1326985976,
612322602,
592237910,
1222572510,
865127645,
1317118131,
1043413388,
924716085,
1077879735,
825138299,
987361953,
1367065778,
900732813,
1121021768,
1258788989,
1155962952,
1029400145,
1295923612,
921520787,
1149584273,
1362597931,
1100623604,
581509889,
1242001916,
1436692384,
666995872,
1492805980,
1105680871,
229885615,
592350886,
923908730,
1175481799,
1232210189,
1415008148,
929023412,
622030903,
1470448609,
1204602437,
970145136,
1438791012,
1481375985,
1354215057,
712301121,
1378713143,
1177834283,
1249950053,
1362531642,
846632472,
1211928658,
1037335811,
889574839,
1483674017,
988808146,
352408683,
685887226,
1082012550,
1187354324,
952182906,
506864182,
1135345403,
1335354987,
1236436138,
1256609855,
1030695507,
1298853151,
1468353834,
504021824,
1418155278,
1384965565,
1411748093,
614094902,
1099698016,
1460243176,
1076674681,
1292353416,
1231278495,
1456715042,
1279866977,
1408841450,
1483345777,
1495455060,
713573187,
1294818784,
1479195956,
1430615925,
1242498385,
828628248,
877481946,
1076527166,
1188462162,
1341980097,
1133513190,
907171917,
1227415019,
950720774,
1273529154,
945646346,
1405239036,
1126028903,
565646677,
1481733510,
1183657674,
990503426,
1358892885,
1236088751,
676841548,
862707512,
1310559237,
1083279258,
1442094326,
856172085,
1182402547,
881152384,
1214173475,
1214568977,
1105301832,
1319665751,
1433066658,
1318517430,
1425442455,
1189596439,
935671384,
1107392061,
1321588808,
1395433976,
1369530788,
1117740621,
1135506674,
672380786,
1263042219,
1142734275,
1280074331,
1186148857,
1091210718,
764962959,
1191265350,
1034544610,
1214433667,
1074780444,
607533920,
619622354,
995395645,
585402954,
734577894,
1151336990,
1132997198,
1074344525,
1180869734,
1158108907,
808336381,
749092293,
1281518957,
1202876956,
1365313259,
1178015085,
1141530275,
1364957018,
1125411729,
1300389169,
1332644583,
1138489995,
1068186913,
934289233,
875994116,
1217264395,
1007470462,
871449237,
537463388,
1036448494,
1257133266,
1264381260,
1047811893,
520568554,
1323847157,
1389947209,
1373951686,
1114139534,
1170077198,
631324826,
958377208,
1237531645,
993877209,
1276098202,
1345595027,
1280000951,
931474509,
1011429961,
1234457136,
1391166862,
1003562916,
707693806,
889494329,
1166026969,
1270675173,
1207027765,
902165501,
1177080919,
1124665902,
1262346371,
786100319,
1291201970,
698421822,
659551739,
1382466539,
1225911093,
1035651293,
1073316644,
914685923,
1096599357,
1104211669,
802222920,
1128769594,
1169634034,
1368775922,
1311926472,
1033196519,
1082486454,
934197971,
975838704,
1191841717,
1233551921,
971706751,
825776190,
1291579852,
707185970,
1360928018,
936894807,
1320279721,
1037520045,
1365521388,
1172526646,
815813204,
996834479,
1173255410,
1348127302,
1120761684,
1111706238,
1255801121,
1315100069,
1297885013,
1256758241,
1146716265,
1259369061,
1100905404,
1176861856,
749436025,
1313872877,
1191891846,
1227550966,
695728746,
1209070869,
636819486,
803071311,
1211827201,
714689614,
1204583709,
1262609224,
1321952792,
806546159,
1145373173,
1317881432,
815242355,
950129647,
1162583910,
1022990128,
1099950012,
739898104,
1006085192,
1020236519,
997812932,
1343845978,
1258845539,
1120889919,
1163418926,
743307238,
430433485,
1354965048,
1080832684,
659265426,
745424476,
1179334380,
1315791662,
1068161059,
1001373955,
1289905964,
905368644,
1123175954,
1092914293,
1093028648,
1141794741,
948666463,
868975746,
1020991467,
1040009820,
1032490670,
1140820861,
1129770508,
1358242640,
1078470950,
807415042,
423041927,
1121649156,
1319082678,
980805757,
1254669205,
854261046,
1191938778,
1133092268,
478176260,
650870265,
651353509,
818745369,
1051201416,
1136014491,
1221114623,
1179249947,
839920267,
1264860529,
1312598928,
711686748,
1236949094,
805949608,
923556147,
1046538491,
926257030,
1131948751,
1207881444,
939683575,
1028725333,
929104733,
1373157264,
1014928299,
1035978675,
1115751057,
1134154848,
1197712460,
1315206197,
908978092,
1041157780,
1075902324,
967508325,
1249984662,
912903928,
1215056672,
1372244715,
1080755820,
1001024930,
1344473771,
1364767534,
480385207,
1154387526,
1183327107,
1228378386,
692974095,
710866013,
937509522,
1338086346,
1167185836,
1024251372,
1109863620,
1132494348,
994210933,
1297958053,
652298313,
1218033951,
1363898286,
1272995751,
1297362239,
1387509829,
1114870398,
822797068,
1369105635,
1231959135,
1122753872,
1221802037,
1154680928,
1207310249,
1177372644,
1317214360,
936120582,
955170396,
1028496304,
1397362950,
397851129,
1235472962,
1213812518,
997319834,
1143106011,
1261319301,
1144014196,
1314815738,
1106701252,
1165553095,
1386031713,
858216556,
1056747952,
1202439297,
1130574708,
1194211839,
967207942,
1095891919,
1142746258,
1160740433,
1209710465,
1019946826,
1192477875,
763134951,
827542978,
943706907,
1031374516,
1034310796,
1167403450,
1236340048,
1260904452,
1314860490,
449189414,
1131475095,
1082165441,
924415110,
589064072,
1110138746,
1207291951,
871250584,
1151405607,
976259483,
822356783,
1016050817,
1220359049,
1090563216,
928488128,
1391727290,
874669111,
1173792226,
913987207,
1298771085,
1294910223,
968748453,
661112034,
1110771303,
1003444309,
1291940937,
1177107270,
1052904256,
1197122950,
860035799,
807195621,
707689960,
1113804242,
788779085,
1041716590,
573801800,
1089318266,
1256882820,
1224977637,
1072247737,
931667119,
854076357,
679329556,
767979933,
899477786,
933221502,
1029512403,
1053005352,
1122451677,
1282677957,
1360598722,
1799640694,
1805874847,
1858214142,
1928567044,
1939250648,